0 0.3760 0.0000 0.5900 0.0340 
600 0.4700 0.0000 0.5000 0.0300 
1200 0.4800 0.0000 0.5200 0.0000 
1800 0.5020 0.0000 0.4980 0.0000 
2400 0.4740 0.0020 0.5240 0.0000 
3000 0.5480 0.0000 0.4520 0.0000 
3600 0.5500 0.0000 0.4500 0.0000 
4200 0.5620 0.0020 0.4360 0.0000 
4800 0.6320 0.0000 0.3680 0.0000 
5400 0.6260 0.0000 0.3740 0.0000 
6000 0.6940 0.0020 0.3040 0.0000 
6600 0.6420 0.0020 0.3560 0.0000 
7200 0.6840 0.0000 0.3160 0.0000 
7800 0.7180 0.0000 0.2820 0.0000 
8400 0.7240 0.0000 0.2760 0.0000 
9000 0.7540 0.0000 0.2440 0.0020 
9600 0.7700 0.0000 0.2220 0.0080 
10200 0.7780 0.0040 0.2180 0.0000 
10800 0.7700 0.0060 0.2240 0.0000 
11400 0.8020 0.0020 0.1960 0.0000 
12000 0.7680 0.0000 0.2320 0.0000 
12600 0.7820 0.0040 0.2020 0.0120 
13200 0.7920 0.0040 0.2020 0.0020 
13700 0.8030 0.0030 0.1940 0.0000 
13800 0.7920 0.0000 0.2060 0.0020 
14400 0.7600 0.0020 0.2360 0.0020 
15000 0.8200 0.0040 0.1740 0.0020 
15300 0.8230 0.0000 0.1750 0.0020 
15600 0.8480 0.0020 0.1500 0.0000 
16200 0.8180 0.0060 0.1700 0.0060 
16800 0.8240 0.0020 0.1720 0.0020 
17400 0.8320 0.0120 0.1500 0.0060 
18000 0.8440 0.0040 0.1500 0.0020 
18600 0.8160 0.0000 0.1760 0.0080 
19200 0.8000 0.0040 0.1960 0.0000 
19800 0.8073 0.0020 0.1840 0.0067 
20000 0.7518 0.0041 0.2429 0.0012 
20200 0.8482 0.0065 0.1453 0.0000 
20400 0.8236 0.0068 0.1691 0.0005 
20600 0.8231 0.0031 0.1738 0.0000 
20800 0.8050 0.0040 0.1900 0.0010 
21000 0.8227 0.0060 0.1707 0.0007 
21200 0.8500 0.0060 0.1410 0.0030 
21400 0.8270 0.0030 0.1700 0.0000 
21600 0.8327 0.0040 0.1627 0.0007 
21800 0.8130 0.0090 0.1780 0.0000 
22000 0.8020 0.0040 0.1940 0.0000 
22200 0.8227 0.0033 0.1740 0.0000 
22400 0.8300 0.0040 0.1650 0.0010 
22600 0.8300 0.0010 0.1640 0.0050 
22800 0.8333 0.0027 0.1600 0.0040 
23000 0.8495 0.0060 0.1435 0.0010 
23200 0.8320 0.0040 0.1640 0.0000 
23400 0.7574 0.0036 0.2390 0.0000 
23600 0.8202 0.0020 0.1773 0.0005 
23800 0.8152 0.0040 0.1808 0.0000 
24000 0.8184 0.0056 0.1728 0.0032 
24200 0.8040 0.0040 0.1890 0.0030 
24400 0.7660 0.0070 0.2265 0.0005 
24600 0.8116 0.0048 0.1784 0.0052 
24800 0.7970 0.0015 0.2005 0.0010 
25000 0.8120 0.0060 0.1810 0.0010 
25200 0.8308 0.0064 0.1592 0.0036 
25400 0.7930 0.0040 0.2030 0.0000 
25600 0.7940 0.0030 0.2030 0.0000 
25800 0.7900 0.0040 0.2053 0.0007 
26000 0.8180 0.0040 0.1780 0.0000 
26200 0.7790 0.0030 0.2120 0.0060 
26400 0.8233 0.0053 0.1667 0.0047 
26600 0.8440 0.0030 0.1530 0.0000 
26800 0.8105 0.0030 0.1820 0.0045 
27000 0.7960 0.0060 0.1960 0.0020 
27200 0.8185 0.0015 0.1770 0.0030 
27400 0.8070 0.0035 0.1865 0.0030 
27600 0.8116 0.0040 0.1816 0.0028 
27800 0.8425 0.0030 0.1530 0.0015 
28000 0.8135 0.0025 0.1820 0.0020 
28200 0.8276 0.0032 0.1688 0.0004 
28400 0.8315 0.0045 0.1625 0.0015 
28600 0.8285 0.0020 0.1690 0.0005 
28800 0.8473 0.0053 0.1453 0.0020 
29000 0.8250 0.0020 0.1720 0.0010 
29200 0.7940 0.0000 0.2060 0.0000 
29400 0.8153 0.0020 0.1827 0.0000 
29600 0.8070 0.0070 0.1850 0.0010 
29800 0.8480 0.0040 0.1470 0.0010 
30000 0.7668 0.0032 0.2268 0.0032 
30200 0.7533 0.0042 0.2408 0.0017 
30400 0.8125 0.0042 0.1833 0.0000 
30600 0.8347 0.0012 0.1624 0.0018 
30800 0.8280 0.0030 0.1670 0.0020 
31000 0.7970 0.0060 0.1970 0.0000 
31200 0.7960 0.0067 0.1973 0.0000 
31400 0.8100 0.0070 0.1820 0.0010 
31600 0.8310 0.0060 0.1590 0.0040 
31800 0.8400 0.0040 0.1553 0.0007 
32000 0.8520 0.0030 0.1440 0.0010 
32200 0.7910 0.0040 0.1940 0.0110 
32400 0.8260 0.0053 0.1607 0.0080 
32600 0.8510 0.0100 0.1380 0.0010 
32800 0.8890 0.0090 0.1000 0.0020 
33000 0.8353 0.0073 0.1540 0.0033 
33200 0.8330 0.0040 0.1630 0.0000 
33400 0.8490 0.0060 0.1445 0.0005 
33600 0.8476 0.0032 0.1484 0.0008 
33800 0.8550 0.0043 0.1343 0.0063 
34000 0.8480 0.0030 0.1400 0.0090 
34200 0.8452 0.0068 0.1460 0.0020 
34400 0.8280 0.0100 0.1600 0.0020 
34600 0.8180 0.0055 0.1765 0.0000 
34800 0.8016 0.0020 0.1876 0.0088 
35000 0.8045 0.0040 0.1570 0.0345 
35200 0.8290 0.0020 0.1650 0.0040 
35400 0.8133 0.0073 0.1767 0.0027 
35600 0.8630 0.0060 0.1240 0.0070 
35800 0.8480 0.0020 0.1490 0.0010 
36000 0.8507 0.0080 0.1387 0.0027 
36200 0.8590 0.0040 0.1360 0.0010 
36400 0.8700 0.0050 0.1190 0.0060 
36600 0.8427 0.0047 0.1507 0.0020 
36800 0.8725 0.0035 0.1230 0.0010 
37000 0.8755 0.0040 0.1200 0.0005 
37200 0.8796 0.0056 0.1124 0.0024 
37400 0.8945 0.0055 0.0985 0.0015 
37600 0.8605 0.0060 0.1310 0.0025 
37800 0.8728 0.0064 0.1176 0.0032 
38000 0.8450 0.0045 0.1495 0.0010 
38100 0.8564 0.0069 0.1327 0.0040 
38200 0.8710 0.0045 0.1195 0.0050 
38400 0.8484 0.0028 0.1476 0.0012 
38600 0.8675 0.0020 0.1295 0.0010 
38800 0.8584 0.0048 0.1336 0.0032 
39000 0.8647 0.0047 0.1293 0.0013 
39200 0.8380 0.0020 0.1570 0.0030 
39400 0.8520 0.0010 0.1470 0.0000 
39600 0.8720 0.0040 0.1213 0.0027 
39800 0.8650 0.0020 0.1320 0.0010 
40000 0.8929 0.0053 0.1000 0.0018 
40200 0.8809 0.0073 0.1086 0.0032 
40400 0.8342 0.0050 0.1592 0.0017 
40600 0.8458 0.0042 0.1475 0.0025 
40800 0.8667 0.0027 0.1293 0.0013 
41000 0.8370 0.0030 0.1600 0.0000 
41200 0.8900 0.0010 0.1070 0.0020 
41400 0.8487 0.0053 0.1400 0.0060 
41600 0.8025 0.0035 0.1876 0.0065 
41800 0.8430 0.0080 0.1470 0.0020 
42000 0.8100 0.0047 0.1853 0.0000 
42200 0.8510 0.0040 0.1440 0.0010 
42400 0.8310 0.0030 0.1600 0.0060 
42600 0.8213 0.0053 0.1727 0.0007 
42800 0.8820 0.0040 0.1140 0.0000 
43000 0.8370 0.0070 0.1490 0.0070 
43200 0.8433 0.0067 0.1487 0.0013 
43400 0.8440 0.0055 0.1430 0.0075 
43600 0.8705 0.0065 0.1215 0.0015 
43800 0.8600 0.0044 0.1340 0.0016 
43900 0.8782 0.0079 0.1119 0.0020 
44000 0.8455 0.0080 0.1465 0.0000 
44200 0.8645 0.0060 0.1285 0.0010 
44400 0.8440 0.0048 0.1496 0.0016 
44600 0.8700 0.0080 0.1200 0.0020 
44800 0.8555 0.0080 0.1365 0.0000 
45000 0.8728 0.0032 0.1232 0.0008 
45200 0.8880 0.0035 0.1050 0.0035 
45400 0.8790 0.0034 0.1170 0.0007 
45600 0.8293 0.0060 0.1547 0.0100 
45800 0.8530 0.0070 0.1360 0.0040 
46000 0.8400 0.0100 0.1470 0.0030 
46200 0.8753 0.0047 0.1187 0.0013 
46400 0.8630 0.0040 0.1310 0.0020 
46600 0.8570 0.0060 0.1360 0.0010 
46800 0.8496 0.0048 0.1444 0.0012 
47000 0.8525 0.0055 0.1410 0.0010 
47200 0.8455 0.0070 0.1435 0.0040 
47400 0.8704 0.0068 0.1220 0.0008 
47600 0.8685 0.0060 0.1245 0.0010 
47800 0.8590 0.0035 0.1375 0.0000 
48000 0.8692 0.0100 0.1200 0.0008 
48200 0.8825 0.0040 0.1125 0.0010 
48400 0.8620 0.0060 0.1315 0.0005 
48600 0.8072 0.0036 0.1880 0.0012 
48800 0.8768 0.0026 0.1199 0.0007 
49000 0.8630 0.0020 0.1340 0.0010 
49200 0.8620 0.0053 0.1313 0.0013 
49400 0.8730 0.0090 0.1180 0.0000 
49600 0.8530 0.0100 0.1340 0.0030 
49800 0.8367 0.0053 0.1573 0.0007 
50000 0.8153 0.0047 0.1776 0.0024 
50200 0.8258 0.0075 0.1650 0.0017 
50400 0.8459 0.0047 0.1471 0.0024 
50600 0.8775 0.0083 0.1083 0.0058 
50800 0.8449 0.0083 0.1404 0.0065 
51000 0.8800 0.0073 0.1120 0.0007 
51200 0.8820 0.0090 0.1080 0.0010 
51400 0.8480 0.0080 0.1400 0.0040 
51600 0.8920 0.0087 0.0993 0.0000 
51800 0.8650 0.0090 0.1260 0.0000 
52000 0.8430 0.0080 0.1490 0.0000 
52200 0.8347 0.0027 0.1620 0.0007 
52400 0.8680 0.0080 0.1240 0.0000 
52600 0.8430 0.0040 0.1530 0.0000 
52800 0.8613 0.0047 0.1340 0.0000 
53000 0.8530 0.0060 0.1400 0.0010 
53200 0.8310 0.0060 0.1625 0.0005 
53400 0.8440 0.0036 0.1504 0.0020 
53600 0.8565 0.0060 0.1375 0.0000 
53800 0.8650 0.0040 0.1295 0.0015 
54000 0.8480 0.0048 0.1456 0.0016 
54200 0.8395 0.0020 0.1555 0.0030 
54400 0.8685 0.0040 0.1275 0.0000 
54600 0.8524 0.0048 0.1416 0.0012 
54800 0.8760 0.0045 0.1195 0.0000 
55000 0.8350 0.0015 0.1635 0.0000 
55200 0.8367 0.0033 0.1593 0.0007 
55400 0.8330 0.0080 0.1590 0.0000 
55600 0.8560 0.0030 0.1410 0.0000 
55800 0.8692 0.0040 0.1228 0.0040 
56000 0.8625 0.0045 0.1325 0.0005 
56200 0.8415 0.0060 0.1520 0.0005 
56400 0.8580 0.0076 0.1336 0.0008 
56600 0.8325 0.0055 0.1620 0.0000 
56800 0.8605 0.0085 0.1305 0.0005 
57000 0.8504 0.0048 0.1444 0.0004 
57200 0.8410 0.0045 0.1540 0.0005 
57400 0.8765 0.0100 0.1120 0.0015 
57600 0.8628 0.0039 0.1333 0.0000 
