0 0.1343 0.0159 0.8016 0.0482 
200 0.0670 0.0040 0.7240 0.2050 
400 0.0860 0.0040 0.8240 0.0860 
600 0.1040 0.0040 0.8485 0.0435 
800 0.0880 0.0070 0.8930 0.0120 
1000 0.1520 0.0020 0.8460 0.0000 
1200 0.1145 0.0040 0.8815 0.0000 
1400 0.1080 0.0060 0.8860 0.0000 
1600 0.1090 0.0110 0.8800 0.0000 
1800 0.1090 0.0100 0.8810 0.0000 
2000 0.1340 0.0100 0.8560 0.0000 
2200 0.1440 0.0010 0.8550 0.0000 
2400 0.1530 0.0079 0.8390 0.0000 
2600 0.1224 0.0046 0.8729 0.0000 
2800 0.1410 0.0100 0.8490 0.0000 
3000 0.1495 0.0065 0.8440 0.0000 
3200 0.1360 0.0080 0.8560 0.0000 
3400 0.1240 0.0080 0.8680 0.0000 
3600 0.1580 0.0040 0.8380 0.0000 
3800 0.1590 0.0050 0.8360 0.0000 
4000 0.1570 0.0050 0.8380 0.0000 
4200 0.1640 0.0055 0.8305 0.0000 
4400 0.1420 0.0050 0.8530 0.0000 
4600 0.1890 0.0030 0.8080 0.0000 
4800 0.1775 0.0085 0.8140 0.0000 
5000 0.1840 0.0110 0.8050 0.0000 
5200 0.2060 0.0120 0.7820 0.0000 
5400 0.1975 0.0080 0.7945 0.0000 
5600 0.2100 0.0050 0.7850 0.0000 
5800 0.1990 0.0050 0.7960 0.0000 
6000 0.2310 0.0080 0.7610 0.0000 
6200 0.1990 0.0120 0.7890 0.0000 
6400 0.2230 0.0090 0.7680 0.0000 
6600 0.2305 0.0105 0.7590 0.0000 
6800 0.1950 0.0100 0.7950 0.0000 
7000 0.1850 0.0100 0.8050 0.0000 
7200 0.2370 0.0140 0.7490 0.0000 
7400 0.2190 0.0250 0.7560 0.0000 
7600 0.2010 0.0170 0.7820 0.0000 
7800 0.2715 0.0190 0.7095 0.0000 
8000 0.2340 0.0130 0.7530 0.0000 
8200 0.2370 0.0110 0.7520 0.0000 
8400 0.2015 0.0120 0.7865 0.0000 
8600 0.2640 0.0160 0.7200 0.0000 
8800 0.2490 0.0130 0.7380 0.0000 
9000 0.2690 0.0225 0.7085 0.0000 
9200 0.2990 0.0240 0.6770 0.0000 
9400 0.2680 0.0240 0.7070 0.0010 
9600 0.3095 0.0475 0.6300 0.0130 
9800 0.2990 0.0450 0.6500 0.0060 
10000 0.3098 0.0308 0.6544 0.0050 
10200 0.2855 0.0275 0.6860 0.0010 
10400 0.3300 0.0410 0.6240 0.0050 
10600 0.3370 0.0560 0.6070 0.0000 
10800 0.3415 0.0330 0.6230 0.0025 
11000 0.2960 0.0260 0.6760 0.0020 
11200 0.2900 0.0320 0.6780 0.0000 
11400 0.2910 0.0365 0.6710 0.0015 
11600 0.3120 0.0380 0.6410 0.0090 
11800 0.3340 0.0380 0.6220 0.0060 
12000 0.3180 0.0540 0.6220 0.0060 
12200 0.3270 0.0690 0.5990 0.0050 
12400 0.3490 0.0700 0.5780 0.0030 
12600 0.3005 0.0465 0.6395 0.0135 
12800 0.3350 0.0440 0.6090 0.0120 
13000 0.3400 0.0400 0.6180 0.0020 
13200 0.3345 0.0525 0.6100 0.0030 
13400 0.3730 0.0460 0.5810 0.0000 
13600 0.3670 0.0680 0.5620 0.0030 
13700 0.3352 0.0443 0.6205 0.0000 
13800 0.3645 0.0660 0.5620 0.0075 
14000 0.3420 0.0370 0.6100 0.0110 
14200 0.3640 0.0620 0.5460 0.0280 
14400 0.3520 0.0485 0.5995 0.0000 
14600 0.3370 0.0490 0.6130 0.0010 
14800 0.4250 0.0570 0.5120 0.0060 
15000 0.3965 0.0550 0.5310 0.0175 
15200 0.4040 0.0940 0.4980 0.0040 
15300 0.3486 0.0737 0.5618 0.0159 
15400 0.4370 0.0680 0.4860 0.0090 
15600 0.3835 0.0755 0.5345 0.0065 
15800 0.3740 0.0540 0.5650 0.0070 
16000 0.3860 0.0750 0.5210 0.0180 
16200 0.3980 0.0630 0.5245 0.0145 
16400 0.4160 0.0910 0.4890 0.0040 
16600 0.3790 0.0680 0.5380 0.0150 
16800 0.3845 0.0620 0.5505 0.0030 
17000 0.5130 0.0980 0.3860 0.0030 
17200 0.4100 0.1100 0.4680 0.0120 
17400 0.4225 0.0960 0.4725 0.0090 
17600 0.4491 0.0743 0.4617 0.0149 
17800 0.3910 0.0800 0.5210 0.0080 
18000 0.3600 0.0815 0.5495 0.0090 
18200 0.4190 0.0910 0.4880 0.0020 
18400 0.4290 0.0820 0.4740 0.0150 
18600 0.4785 0.0990 0.3740 0.0485 
18800 0.4080 0.0980 0.4710 0.0230 
19000 0.3710 0.0830 0.5220 0.0240 
19200 0.3560 0.0680 0.5755 0.0005 
19400 0.3860 0.0930 0.5110 0.0100 
19600 0.3320 0.0690 0.5930 0.0060 
19800 0.3478 0.0724 0.5661 0.0136 
20000 0.3113 0.0670 0.6215 0.0003 
20200 0.4158 0.0706 0.5131 0.0006 
20400 0.4337 0.0889 0.4763 0.0011 
20600 0.3597 0.1064 0.5306 0.0033 
20800 0.3872 0.0836 0.5286 0.0006 
21000 0.4552 0.1250 0.4180 0.0018 
21200 0.4903 0.1310 0.3747 0.0040 
21400 0.3923 0.1013 0.5057 0.0007 
21600 0.4435 0.1168 0.4392 0.0005 
21800 0.3963 0.0973 0.5063 0.0000 
22000 0.4120 0.1007 0.4860 0.0013 
22200 0.3835 0.0958 0.5208 0.0000 
22400 0.4823 0.1267 0.3850 0.0060 
22600 0.4000 0.1107 0.4727 0.0167 
22800 0.4382 0.1143 0.4345 0.0130 
23000 0.4103 0.1052 0.4760 0.0084 
23200 0.3807 0.0797 0.5393 0.0003 
23400 0.3264 0.0732 0.6003 0.0000 
23600 0.3691 0.1073 0.5233 0.0003 
23800 0.3691 0.0953 0.5356 0.0000 
24000 0.4263 0.1305 0.4363 0.0070 
24200 0.4200 0.1193 0.4577 0.0030 
24400 0.3567 0.0933 0.5493 0.0007 
24600 0.4340 0.1185 0.4365 0.0110 
24800 0.4064 0.0995 0.4922 0.0018 
25000 0.3950 0.1217 0.4773 0.0060 
25200 0.4310 0.1158 0.4442 0.0090 
25400 0.4406 0.1098 0.4479 0.0017 
25600 0.4000 0.1010 0.4985 0.0005 
25800 0.3833 0.0973 0.5193 0.0000 
26000 0.3345 0.0860 0.5795 0.0000 
26200 0.4325 0.1080 0.4535 0.0060 
26400 0.4593 0.1290 0.4073 0.0043 
26600 0.4070 0.0885 0.4965 0.0080 
26800 0.4647 0.1133 0.4117 0.0103 
27000 0.4503 0.1319 0.4154 0.0024 
27200 0.3763 0.1140 0.5047 0.0050 
27400 0.4783 0.1187 0.4003 0.0027 
27600 0.4417 0.1080 0.4470 0.0032 
27800 0.4763 0.1290 0.3883 0.0063 
28000 0.4120 0.1313 0.4483 0.0083 
28200 0.4860 0.1420 0.3715 0.0005 
28400 0.4477 0.1133 0.4377 0.0013 
28600 0.4787 0.1233 0.3957 0.0023 
28800 0.4331 0.1171 0.4409 0.0089 
29000 0.4505 0.1400 0.4095 0.0000 
29200 0.3595 0.0945 0.5455 0.0005 
29400 0.3560 0.0993 0.5440 0.0007 
29600 0.3880 0.0925 0.5195 0.0000 
29800 0.4250 0.1105 0.4585 0.0060 
30000 0.3284 0.0669 0.6026 0.0020 
30200 0.3740 0.0981 0.5251 0.0028 
30400 0.4123 0.1166 0.4700 0.0011 
30600 0.4169 0.1276 0.4531 0.0024 
30800 0.4921 0.1244 0.3810 0.0025 
31000 0.4810 0.1383 0.3793 0.0013 
31200 0.4005 0.1160 0.4835 0.0000 
31400 0.4537 0.1350 0.4067 0.0047 
31600 0.5227 0.1183 0.3517 0.0073 
31800 0.4055 0.1113 0.4800 0.0032 
32000 0.4565 0.0984 0.4428 0.0023 
32200 0.4410 0.0930 0.4517 0.0143 
32400 0.5178 0.1255 0.3485 0.0083 
32600 0.4917 0.1163 0.3907 0.0013 
32800 0.5380 0.1220 0.3370 0.0030 
33000 0.4230 0.0905 0.4813 0.0053 
33200 0.4690 0.0910 0.4390 0.0010 
33400 0.4714 0.1043 0.4232 0.0012 
33600 0.4358 0.1015 0.4610 0.0018 
33800 0.5602 0.1510 0.2800 0.0088 
34000 0.5067 0.1057 0.3733 0.0143 
34200 0.4395 0.1005 0.4587 0.0013 
34400 0.4893 0.1137 0.3923 0.0047 
34600 0.4283 0.0893 0.4767 0.0057 
34800 0.4245 0.0880 0.4555 0.0320 
35000 0.4933 0.1123 0.3383 0.0560 
35200 0.3940 0.1097 0.4843 0.0120 
35400 0.4389 0.1166 0.4396 0.0049 
35600 0.5400 0.1020 0.3450 0.0130 
35800 0.4020 0.1045 0.4885 0.0050 
36000 0.4660 0.1153 0.4123 0.0063 
36200 0.5570 0.1125 0.3235 0.0070 
36400 0.4570 0.1020 0.4170 0.0240 
36600 0.4710 0.1017 0.4187 0.0087 
36800 0.4720 0.1080 0.4160 0.0040 
37000 0.5323 0.1213 0.3403 0.0060 
37200 0.5082 0.1270 0.3538 0.0110 
37400 0.5627 0.1397 0.2870 0.0107 
37600 0.4957 0.1073 0.3833 0.0137 
37800 0.5433 0.1365 0.3157 0.0045 
38000 0.5267 0.1207 0.3493 0.0033 
38100 0.5208 0.1010 0.3762 0.0020 
38200 0.5253 0.1020 0.3623 0.0103 
38400 0.4630 0.1015 0.4320 0.0035 
38600 0.4497 0.0897 0.4593 0.0013 
38800 0.5047 0.0933 0.3957 0.0063 
39000 0.4657 0.0970 0.4327 0.0047 
39200 0.4275 0.0880 0.4825 0.0020 
39400 0.4295 0.0910 0.4790 0.0005 
39600 0.5313 0.1370 0.3273 0.0043 
39800 0.4790 0.1155 0.4035 0.0020 
40000 0.5708 0.1122 0.3123 0.0046 
40200 0.5508 0.1378 0.3031 0.0082 
40400 0.4549 0.1046 0.4334 0.0071 
40600 0.4969 0.1131 0.3837 0.0063 
40800 0.4850 0.1040 0.4083 0.0027 
41000 0.4950 0.1167 0.3873 0.0010 
41200 0.5390 0.1133 0.3400 0.0077 
41400 0.5165 0.0958 0.3733 0.0145 
41600 0.4379 0.1052 0.4444 0.0125 
41800 0.4670 0.1100 0.4177 0.0053 
42000 0.3815 0.0915 0.5250 0.0020 
42200 0.4407 0.1113 0.4340 0.0140 
42400 0.4937 0.0880 0.4127 0.0057 
42600 0.4708 0.0988 0.4298 0.0008 
42800 0.4680 0.1183 0.4090 0.0047 
43000 0.4663 0.0983 0.4240 0.0113 
43200 0.4527 0.1087 0.4368 0.0018 
43400 0.4976 0.1081 0.3848 0.0095 
43600 0.4927 0.1250 0.3787 0.0037 
43800 0.4741 0.1063 0.4176 0.0019 
43900 0.5386 0.1228 0.3356 0.0030 
44000 0.5147 0.1140 0.3700 0.0013 
44200 0.4353 0.0987 0.4633 0.0027 
44400 0.4693 0.1042 0.4253 0.0013 
44600 0.5443 0.1253 0.3187 0.0117 
44800 0.5197 0.1015 0.3773 0.0015 
45000 0.5068 0.1293 0.3640 0.0000 
45200 0.4940 0.1130 0.3917 0.0013 
45400 0.5140 0.1210 0.3633 0.0017 
45600 0.5140 0.1097 0.3660 0.0103 
45800 0.5125 0.1345 0.3375 0.0155 
46000 0.5595 0.1405 0.2910 0.0090 
46200 0.4493 0.1203 0.4270 0.0033 
46400 0.5350 0.1170 0.3435 0.0045 
46600 0.4892 0.0932 0.4161 0.0015 
46800 0.4973 0.1205 0.3817 0.0005 
47000 0.5067 0.1157 0.3753 0.0023 
47200 0.5060 0.1327 0.3593 0.0020 
47400 0.5337 0.1527 0.3127 0.0008 
47600 0.4813 0.1357 0.3827 0.0003 
47800 0.4587 0.1033 0.4377 0.0003 
48000 0.5430 0.1455 0.3098 0.0018 
48200 0.4997 0.1223 0.3767 0.0013 
48400 0.4947 0.1220 0.3787 0.0047 
48600 0.4773 0.0905 0.4278 0.0045 
48800 0.4877 0.1170 0.3903 0.0050 
49000 0.4815 0.1105 0.4025 0.0055 
49200 0.4473 0.0950 0.4517 0.0060 
49400 0.5000 0.1295 0.3675 0.0030 
49600 0.5380 0.1560 0.3040 0.0020 
49800 0.4360 0.1090 0.4490 0.0060 
50000 0.4476 0.0810 0.4627 0.0086 
50200 0.4752 0.1099 0.4083 0.0067 
50400 0.4591 0.0788 0.4583 0.0038 
50600 0.5843 0.1423 0.2640 0.0094 
50800 0.5634 0.1220 0.3003 0.0143 
51000 0.5500 0.1320 0.3103 0.0077 
51200 0.5270 0.1303 0.3387 0.0040 
51400 0.5420 0.1427 0.3097 0.0057 
51600 0.5630 0.1412 0.2930 0.0027 
51800 0.5237 0.1193 0.3567 0.0003 
52000 0.4567 0.1113 0.4303 0.0017 
52200 0.4275 0.0867 0.4836 0.0022 
52400 0.4600 0.1040 0.4350 0.0010 
52600 0.5003 0.1297 0.3697 0.0003 
52800 0.5200 0.1192 0.3603 0.0005 
53000 0.5023 0.1073 0.3893 0.0010 
53200 0.5108 0.1088 0.3797 0.0006 
53400 0.4612 0.1045 0.4333 0.0010 
53600 0.4497 0.0974 0.4475 0.0054 
53800 0.5093 0.1463 0.3407 0.0037 
54000 0.4725 0.1015 0.4215 0.0045 
54200 0.4727 0.1047 0.4197 0.0030 
54400 0.5110 0.0917 0.3940 0.0033 
54600 0.4993 0.1153 0.3830 0.0025 
54800 0.5240 0.1083 0.3677 0.0000 
55000 0.4180 0.0960 0.4853 0.0007 
55200 0.5047 0.1123 0.3796 0.0033 
55400 0.4755 0.1070 0.4155 0.0020 
55600 0.4493 0.1083 0.4410 0.0013 
55800 0.4873 0.1040 0.4030 0.0057 
56000 0.4850 0.1273 0.3873 0.0003 
56200 0.4680 0.1027 0.4293 0.0000 
56400 0.5135 0.1340 0.3518 0.0008 
56600 0.5027 0.1180 0.3783 0.0010 
56800 0.4933 0.1407 0.3653 0.0007 
57000 0.4542 0.0958 0.4497 0.0003 
57200 0.4320 0.1040 0.4637 0.0003 
57400 0.5543 0.1300 0.3133 0.0023 
57600 0.4893 0.1250 0.3825 0.0032 
